

1016406601403
1010279107758
76561199331035157
76561199860597899
76561199859512749
1019524859569
76561199682723706
76561199833809915
76561199579253628
1016651700281
76561199853379229
1008669065106
1007625249889
1003244794457
1017123752170
2405205736
76561199580042449
1008081882089
1020097515207
76561199857012065
76561199579660547
76561199628730033
76561199849052492
1008874586740
76561199641311410
76561199855434305
76561199855284157
76561199680868886
1016750657222
1017851066507
1018575750949
76561199687539361
1016654857951
1016114431049
76561199768097767
76561199682265016
76561199860774744